best_params_max_iter_200:
  C: 28.100276551852204
  class_weight: 6
  gamma: 3.182220499509446e-05
  kernel: linear
  max_iter: 200
  probability: 1
  shrinking: 1
best_params_max_iter_500:
  C: 0.01930168945310437
  class_weight: 3
  gamma: 0.0001678476572016037
  kernel: poly
  max_iter: 500
  probability: 1
  shrinking: 1
