best_params_max_iter_200:
  C: 0.0014598353919578434
  class_weight: 5
  gamma: 0.046512596927573736
  kernel: sigmoid
  max_iter: 200
  probability: 1
  shrinking: 0
best_params_max_iter_500:
  C: 2.2152866084013742e-05
  class_weight: 4
  gamma: 5.494586338258251e-05
  kernel: sigmoid
  max_iter: 500
  probability: 0
  shrinking: 0
